55 223 011
2351071 6 0 28
         1          2          3          4          5          6          7          8          9         11         12         14         16         17         19         20         26         32         35         36         37         38         39         42         43         49         52         54 
         2          3          7          7          0          4          5          1          1          1          3          5          3          5          3          1          3          5          5          5          3          3          3          5          5          5          5          5 
      1553       2250       3526        430        961       1190        731        610         38        198        317        671        108         54          4         64         20        148        102         10         24        172         32         42        398         28         23         16 
3090866 2 28 60
         0          2          3          4          5          6          7          8          9         10         11         12         14         15         16         18         19         20         22         23         26         29         30         32         36         37         38         39         46         49         50         53 
         6          3          7          7          0          4          5          1          1          5          1          3          5          5          3          3          3          1          5          3          3          3          3          5          5          3          3          3          1          5          5          3 
      1553       2537       2207       2054       2805       2608       1004       2418        424         52        334       1289        150          6        301        338        645          8         30         58        330         34        122        113         31        140        116        122         26         20         44         82 
1131770 3 60 85
         0          1          3          4          5          6          7          8          9         10         11         12         14         17         19         21         24         26         29         32         34         37         39         40         44 
         6          2          7          7          0          4          5          1          1          5          1          3          5          5          3          5          5          3          3          5          3          3          3          3          3 
      2250       2537        310        251        759        376        434        980         48         22        119        184         71         50         22          8          4         20         24         14         66        104         22         96         16 
1744144 7 85 116
         0          1          2          4          5          6          7          8          9         10         11         12         14         15         16         17         19         20         26         27         31         32         35         36         38         39         42         46         47         48         51 
         6          2          3          7          0          4          5          1          1          5          1          3          5          5          3          5          3          1          3          5          5          5          5          5          3          3          5          1          3          1          5 
      3526       2207        310        935        599        993        697        919          6        120         49        266        523         40         54        566         18         62          8         15        184        132         32         10         34          8          8         50         17          4          4 
603771 7 116 137
         0          1          2          3          5          6          7          8          9         10         11         12         14         15         17         19         32         36         37         39         46 
         6          2          3          7          0          4          5          1          1          5          1          3          5          5          5          3          5          5          3          3          1 
       430       2054        251        935        787        313        523        534          3         11         68          9        173          6         45         20         22         69         14          4          8 
2483287 0 137 167
         0          1          2          3          4          6          7          8          9         10         11         12         14         15         17         20         22         24         26         27         36         38         39         42         44         45         46         47         48         50 
         6          2          3          7          7          4          5          1          1          5          1          3          5          5          5          1          5          5          3          5          5          3          3          5          3          3          1          3          1          5 
       961       2805        759        599        787       1302       1599       2697        903         70        905        959        278         40        418         10         16         56         14         99         38         24         76         18         63         62        191         24         16         89 
2558949 4 167 200
         0          1          2          3          4          5          7          8          9         10         11         12         14         15         16         17         20         21         22         23         24         25         26         27         29         33         37         38         40         42         48         52         53 
         6          2          3          7          7          0          5          1          1          5          1          3          5          5          3          5          1          5          5          3          5          5          3          5          3          5          3          3          3          5          1          5          3 
      1190       2608        376        993        313       1302       3604       2568         38         38        234         72        292        186         52        468        140         14         16         30        297        242         52        154         22        198         20         46         20         11          8         18         28 
1935518 5 200 229
         0          1          2          3          4          5          6          8          9         10         11         12         13         14         15         17         21         22         24         26         27         35         37         40         42         44         45         49         50 
         6          2          3          7          7          0          4          1          1          5          1          3          5          5          5          5          5          5          5          3          5          5          3          3          5          3          3          5          5 
       731       1004        434        697        523       1599       3604       1065         54        135         90        881        522        344         24        286         24         58          4         20          8         14          6         18         45         33          8        279        146 
1958802 1 229 255
         0          1          2          3          4          5          6          7          9         11         12         14         15         17         20         21         24         26         27         28         35         38         40         41         48         50 
         6          2          3          7          7          0          4          5          1          1          3          5          5          5          1          5          5          3          5          1          5          3          3          3          1          5 
       610       2418        980        919        534       2697       2568       1065          9        355        684        249         40        143        249          6        128          4         71        470         42        162          8        112         10         25 
3062 1 255 264
         0          1          2          3          4          5          6          7          8 
         6          2          3          7          7          0          4          5          1 
        38        424         48          6          3        903         38         54          9 
757 5 264 271
         1          2          3          4          5          6          7 
         2          3          7          7          0          4          5 
        52         22        120         11         70         38        135 
67918 1 271 280
         0          1          2          3          4          5          6          7          8 
         6          2          3          7          7          0          4          5          1 
       198        334        119         49         68        905        234         90        355 
337876 3 280 293
         0          1          2          3          4          5          6          7          8         17         20         26         44 
         6          2          3          7          7          0          4          5          1          5          1          3          3 
       317       1289        184        266          9        959         72        881        684         32         14         16         48 
884 5 293 294
         7 
         5 
       522 
11089 5 294 303
         0          1          2          3          4          5          6          7          8 
         6          2          3          7          7          0          4          5          1 
       671        150         71        523        173        278        292        344        249 
682 5 303 310
         1          3          4          5          6          7          8 
         2          7          7          0          4          5          1 
         6         40          6         40        186         24         40 
981 3 310 314
         0          1          3          6 
         6          2          7          4 
       108        301         54         52 
16054 5 314 323
         0          2          3          4          5          6          7          8         12 
         6          3          7          7          0          4          5          1          3 
        54         50        566         45        418        468        286        143         32 
504 3 323 324
         1 
         2 
       338 
2383 3 324 329
         0          1          2          3          4 
         6          2          3          7          7 
         4        645         22         18         20 
1291 1 329 336
         0          1          3          5          6          8         12 
         6          2          7          0          4          1          3 
        64          8         62         10        140        249         14 
76 5 336 340
         2          6          7          8 
         3          4          5          1 
         8         14         24          6 
190 5 340 344
         1          5          6          7 
         2          0          4          5 
        30         16         16         58 
166 3 344 346
         1          6 
         2          4 
        58         30 
1008 5 346 351
         2          5          6          7          8 
         3          0          4          5          1 
         4         56        297          4        128 
417 5 351 352
         6 
         4 
       242 
998 3 352 361
         0          1          2          3          5          6          7          8         12 
         6          2          3          7          0          4          5          1          3 
        20        330         20          8         14         52         20          4         16 
641 5 361 366
         3          5          6          7          8 
         7          0          4          5          1 
        15         99        154          8         71 
1484 1 366 367
         8 
         1 
       470 
166 3 367 370
         1          2          6 
         2          3          4 
        34         24         22 
188 3 370 371
         1 
         2 
       122 
412 5 371 372
         3 
         7 
       184 
1081 5 372 377
         0          1          2          3          4 
         6          2          3          7          7 
       148        113         14        132         22 
378 5 377 378
         6 
         4 
       198 
104 3 378 379
         2 
         3 
        66 
298 5 379 383
         0          3          7          8 
         6          7          5          1 
       102         32         14         42 
256 5 383 388
         0          1          3          4          5 
         6          2          7          7          0 
        10         31         10         69         38 
638 3 388 394
         0          1          2          4          6          7 
         6          2          3          7          4          5 
        24        140        104         14         20          6 
2218 3 394 400
         0          1          3          5          6          8 
         6          2          7          0          4          1 
       172        116         34         24         46        162 
564 3 400 406
         0          1          2          3          4          5 
         6          2          3          7          7          0 
        32        122         22          8          4         76 
344 3 406 410
         2          6          7          8 
         3          4          5          1 
        96         20         18          8 
164 3 410 411
         8 
         1 
       112 
186 5 411 416
         0          3          5          6          7 
         6          7          0          4          5 
        42          8         18         11         45 
1503 5 416 417
         0 
         6 
       398 
265 3 417 421
         2          5          7         12 
         3          0          5          3 
        16         63         33         48 
102 3 421 423
         5          7 
         0          5 
        62          8 
525 1 423 427
         1          3          4          5 
         2          7          7          0 
        26         50          8        191 
55 3 427 429
         3          5 
         7          0 
        17         24 
42 1 429 433
         3          5          6          8 
         7          0          4          1 
         4         16          8         10 
1103 5 433 436
         0          1          7 
         6          2          5 
        28         20        279 
527 5 436 440
         1          5          7          8 
         2          0          5          1 
        44         89        146         25 
2 5 440 441
         3 
         7 
         4 
55 5 441 443
         0          6 
         6          4 
        23         18 
306 3 443 445
         1          6 
         2          4 
        82         28 
22 5 445 446
         0 
         6 
        16 
