    314836
   1312321
    599526
    293609
    292040
    292040
    293609
    292040
    292040
    236366
    293609
    239366
    292040
    292040
    246710
    246710
    725871
    725871
    725871
    877773
    725871
    248287
    248287
    728689
    250805
    246710
    246710
    246710
    519899
    519899
    252139
    725871
    248287
    519552
    519552
    248287
    519552
    519552
    521242
    640702
    519552
    519552
    519552
    519552
    735908
    299890
    299890
    525400
    299890
    251445
    246710
    640838
    735908
    735908
    519552
    579889
    524057
    524057
    524057
    524057
    735908
    252068
    735908
    524057
    524057
    298662
    735908
    524057
    252193
    252118
    252118
    252118
    252118
    663595
    259851
    252118
    252118
    251990
    251722
    543183
    251920
    543183
    240022
    240022
    240022
    240022
    240022
    240022
    240022
    240022
    251811
    240022
    240022
    240022
    240022
    240022
    240022
    240022
    240022
    240022
    240022
    240022
    240022
    240022
    240022
    240022
    240022
    240022
    240022
    240022
    240022
    240022
    240022
    234140
    240022
    726189
    240022
    726189
    240022
    240022