    314836
   1312321
    599526
    293609
    292040
    292040
    293609
    292040
    292040
    236366
    293609
    239366
    292040
    292040
    246710
    246710
    725871
    725871
    725871
    877773
    725871
    248287
    248287
    728689
    250805
    246710
    246710
    246710
    519899
    519899
    252139
    725871
    248287
    519552
    519552
    248287
    519552
    519552
    521242
    640702
    519552
    519552
    519552
    519552
    735908
    299890
    299890
    525400
    299890
    251445
    246710
    640838
    735908
    735908
    519552
    579889
    524057
    524057
    524057
    524057
    735908
    252068
    735908
    524057
    524057
    298662
    735908
    524057
    252193
    252118
    252118
    252118
    252118
    663595
    259851
    252118
    252118
    251990
    251722
    543183
    251920
    543183
    240022
    240022
    240022
    240022
    240022
    240022
    240022
    240022
    251811
    240022
    240022
    240022
    240022
    240022
    240022
    240022
    240022
    240022
    240022
    240022
    240022
    240022
    240022
    240022
    240022
    240022
    240022
    240022
    240022
    240022
    240022
    234140
    240022
    726189
    240022
    726189
    240022
    240022
    240022
    240022
    726189
    234140
    290715
    290715
    240022
    240022
    240022
    240022
    240022
    240022
    240022
    252791
    252791
    252791
    692814
    692814
    692814
    692814
    231862
    224206
    240022
    231862
    240022
    806969
    806969
    806969
    231862
    231862
    231862
    231862
    510168
    510168
    838143
    510168
    231862
    231862
    838143
    231862
    231862
    806909
    231862
    838143
    231862
    231862
    231862
    231862
    231862
    240022
    240022
    240022
    735919
    735919
    735919
    735919
    711891
    801923
    801923
    489626
    489626
    489626
    801923
    801923
    801923
    801923
    801923
    489626
    801923
    232647
    232647
    232647
    489626
    489626
    489626
    232647
    801923
    489626
    232647
    232647
    232647
    232647
    707560
    252321
    735919
    735919
    232647
    521434
    521434
    521434
    246799
    246799
    246799
    232206
    232206
    213042
    233463
    567297
    232206
    521502
    232206
    232206
    246799
    510168
    239844
    239844
    510168
    239844
    756840
    756840
    756840
    756840
    756840
    248772
    581271
    581271
    581271
    586896
    586896
    586896